(13, 7, 8):333
(13, 7, 8, 14, 15):2
(13, 7, 1):19
(9, 8, 7, 13):13
(7, 8, 14, 15):11
(14, 8, 7, 13):27
(7, 13, 14):39
(8, 7, 13):96
(7, 8, 13):171
(7, 13, 8, 14):8
(8, 7, 14):39
(8, 7, 9):1
(7, 8, 2):7
(7, 13, 8):31
(13, 7, 8, 14):13
(7, 8, 14, 15, 13):2
(13, 7, 8, 2, 1):1
(13, 7, 8, 9):8
(14, 8, 7):273
(7, 8, 14, 13, 19):5
(9, 8, 7):25
(2, 1, 7, 8, 13):1
(7, 8, 14):192
(7, 13, 14, 19, 8):1
(8, 14, 13, 7):9
(13, 7, 14):9
(14, 13, 7):16
(13, 7, 8, 14, 19):4
(7, 13, 1):1
(13, 14, 7):21
(13, 7, 14, 8):2
(13, 14, 7, 8):2
(7, 8, 13, 19):1
(19, 13, 14, 8):4
(8, 7, 13, 19, 18, 24):1
(2, 1, 7, 8):10
(8, 7, 13, 14):19
(8, 9, 3):1
(14, 8, 13, 7):5
(8, 7, 1, 2):12
(0, 1, 7, 8):6
(7, 8, 1, 2):5
(7, 8, 1):6
(7, 13, 14, 8, 15):1
(3, 9, 8, 7):2
(7, 8, 1, 0):3
(15, 14, 8):15
(7, 8, 9, 3):1
(19, 13, 14, 8, 7):3
(7, 8, 13, 19, 18, 24):1
(14, 13, 8, 7):5
(8, 7, 13, 19, 20, 21, 27, 15, 9):1
(7, 13, 19, 18, 8):1
(8, 14, 13, 7, 20):1
(7, 8, 13, 14, 9):1
(8, 14, 7):53
(8, 14, 13):135
(14, 8, 7, 2):2
(14, 20, 8):1
(14, 8, 7, 13, 20, 21):1
(14, 20, 21, 22):1
(21, 20, 14):2
(14, 20, 21):1
(13, 8, 7):30
(14, 13, 8):2
(14, 8, 2):1
(7, 13, 14, 8):4
(14, 8, 13):6
(7, 8, 14, 13):183
(14, 13, 7, 8):66
(8, 14, 15):15
(13, 14, 8, 7):214
(14, 8, 20, 21, 22, 28, 29, 35):2
(35, 29, 28, 22, 21, 20, 14, 8):8
(14, 20, 21, 22, 28, 29, 35):3
(14, 8, 2, 3):1
(14, 8, 7, 15):1
(8, 14, 13, 19):5
(8, 14, 15, 9):1
(26, 20, 21, 14, 8):1
(8, 14, 20, 26):1
(26, 20, 14, 8):1
(7, 8, 13, 14):52
(7, 1, 0):8
(13, 14, 20, 21):7
(13, 14, 20, 21, 22, 28, 29, 35):2
(13, 19, 18):4
(18, 19, 13, 7, 8, 14):1
(13, 14, 20, 21, 7):1
(13, 7, 1, 2):1
(13, 14, 8, 19, 18):1
(13, 14, 8, 2, 3):2
(13, 14, 8, 9, 15, 7):1
(13, 7, 19, 18):1
(13, 19, 18, 24):2
(13, 14, 8, 2, 20, 21, 22, 15):1
(13, 14, 8):72
(21, 20, 14, 13):4
(13, 14, 15, 16):1
(13, 14, 15):1
(13, 14, 8, 7, 19):1
(13, 7, 8, 14, 15, 21, 20):1
(13, 14, 20, 21, 22, 28, 7):1
(1, 7, 8):3
(7, 13, 8, 14, 20, 19):1
(19, 20, 14, 8, 7):1
(7, 8, 14, 20, 21):2
(19, 8, 7):1
(19, 13, 14, 8, 15, 7):1
(13, 7, 1, 0):1
(0, 1, 7, 8, 13):1
(35, 29, 28, 22, 21, 20, 14, 15, 8, 7):1
(9, 8, 2, 1):1
(1, 2, 8, 9):1
(9, 8, 14, 7, 13):1
(7, 8, 14, 15, 16):3
(16, 15, 14, 8):2
(15, 14, 8, 7):5
(7, 8, 13, 12):1
(7, 14, 13):4
(7, 8, 2, 1):24
(1, 2, 8, 7):6
(21, 20, 14, 8):2
(8, 2, 3):1
(3, 2, 8):2
(6, 7, 8):4
(7, 13, 12):4
(7, 8, 9, 14, 1):1
(8, 9, 7, 13):1
(7, 14, 8):4
(7, 8, 14, 13, 19, 18, 24):1
(7, 8, 25, 24):1
(7, 8, 14, 20, 21, 27):1
(21, 15, 14, 8, 7):2
(13, 7, 14, 20, 21, 15, 16, 17):1
(13, 7, 8, 2, 14):1
(18, 19, 13, 14):1
(13, 7, 8, 14, 20, 21, 15, 16, 22, 17):1
(13, 7, 19):1
(7, 8, 9):19
(8, 2, 1):12
(3, 2, 8, 7):1
(7, 1, 8):1
(0, 1, 7):4
(7, 13, 14, 20, 21, 27, 33):1
(33, 27, 21, 20, 14, 13, 7):1
(24, 18, 19, 13, 14, 7):1
(7, 13, 14, 15):3
(7, 8, 2, 3):1
(15, 14, 13, 7):2
(28, 29, 35):1
(35, 29, 28):1
(29, 28, 22, 21, 20, 14, 13, 7, 8):1
(7, 8, 14, 15, 16, 17, 23):2
(23, 17, 16):1
(16, 17, 15, 14, 13, 19):1
(2, 8, 7):2
(1, 2, 7):6
(17, 16, 15, 14, 8, 7):2
(7, 13, 14, 20, 21, 15):1
(16, 15, 14, 13, 7):1
(1, 0, 6):1
(7, 1, 2):2
(7, 8, 14, 20, 2, 1):1
(3, 9, 8, 2, 7):1
(7, 6, 13):1
(16, 15, 14, 8, 7):1
(7, 13, 14, 19):2
(19, 14, 7):1
(7, 13, 14, 15, 21):1
(2, 1, 8, 7):1
(7, 8, 14, 20, 21, 13):1
(8, 7, 2):2
(21, 20, 14, 13, 7, 1, 2):1
(7, 13, 14, 20, 21):2
(21, 15, 16, 14, 13, 7):1
(13, 14, 19):2
(19, 13, 14, 7, 6):1
(7, 13, 19, 8, 2, 3):1
(21, 20, 26):1
(21, 20, 14, 13, 7):1
(20, 14, 13, 7):1
(7, 13, 14, 15, 16, 17):1
(8, 9, 10, 4, 5):2
(5, 4, 10, 9):2
(8, 7, 1):5
(8, 14, 21, 27, 2, 1):1
(8, 2, 1, 7):4
(8, 7, 14, 21):1
(8, 7, 2, 1):3
(2, 1, 8):1
(8, 14, 9):3
(1, 2, 8):1
(9, 8, 2):4
(9, 8, 2, 14, 15):1
(13, 14, 20, 21, 27, 26):1
(8, 7, 14, 20, 21, 22, 28, 29, 35):1
(35, 29, 28, 22, 21, 20, 14, 8, 7):1
(7, 8, 14, 20, 21, 22, 28, 29, 35):4
(7, 13, 8, 9):1
(7, 13, 19, 18):1
(7, 8, 19):1
(8, 12, 13, 7):1
(14, 8, 15, 7):1
(7, 13, 19, 18, 24, 14, 8):1
(8, 13, 14, 7):1
(8, 9, 10, 11):4
(11, 10, 9, 8):2
(8, 9, 7):1
(21, 20, 14, 8, 7):1
(2, 10, 9, 15):1
(8, 7, 14, 13):5
(8, 14, 20, 21, 22, 28):2
(28, 22, 21, 20, 14, 8):1
(8, 14, 15, 16, 22, 17, 23):1
(8, 7, 1, 0):3
(8, 13, 7):1
(13, 7, 14, 1):1
(5, 4, 8):1
(8, 7, 9, 10, 11):1
(8, 14, 20, 21, 27, 33, 7):1
(7, 8, 13, 2, 6):1
(8, 14, 19):1
(7, 8, 9, 10, 4, 5):2
(5, 4, 10, 9, 8, 7):1
(7, 8, 14, 15, 20, 26, 27, 33):1
(7, 13, 12, 6):1
(8, 14, 13, 19, 18, 7):1
(8, 14, 13, 19, 18, 24, 25, 7):1
(26, 20, 19, 14, 8, 7):1
(8, 7, 13, 12, 6):1
(8, 14, 13, 19, 20, 26, 25):1
(21, 27, 22, 28, 29, 23):1
(14, 13, 19, 18, 24):1
(8, 14, 13, 7, 6, 12):1
(8, 7, 6, 12):3
(14, 19, 13, 8):1
(21, 22, 28, 29, 35):1
(8, 14, 15, 13, 7):1
(7, 8, 2, 1, 13, 14):1
(8, 7, 13, 19, 18, 24, 14):1
(24, 18, 19, 13, 14, 8, 7):1
(21, 14, 8, 7):1
(7, 14, 21, 22):1
(7, 19, 3, 4):1
(7, 13, 24):1
(18, 19, 13, 7):1
(7, 8, 14, 13, 12):1
(7, 14, 13, 19):1
(8, 14, 20, 21, 22, 28, 29, 35):2
(14, 15, 21):1
(8, 14, 13, 19, 7):2
(8, 7, 6):1
(14, 15, 21, 27, 33):1
(7, 8, 13, 19, 18):1
(9, 8, 14, 7):25
(7, 8, 14, 9):11
(9, 10, 4, 5):1
(9, 8, 14, 13):3
(9, 8, 14):1
(7, 8, 1, 13, 19, 20, 27, 28, 34, 35):1
(23, 29, 22, 21, 27, 15, 9, 8, 7):1
(27, 21, 22, 20, 14, 8):1
(8, 14, 13, 12, 18):1
(13, 14, 8, 18):1
(13, 19, 18, 12):1
(33, 27, 21, 15, 14, 8):1
(7, 8, 14, 13, 12, 18):1
(18, 19, 13):3
(13, 19, 20, 26):2
(20, 19, 14, 13):3
(14, 15, 8, 7):2
(18, 19, 13, 14, 8, 7):1
(11, 10, 9, 8, 13):1
(13, 14, 20, 19):2
(13, 19, 25):1
(25, 26, 20, 19, 14, 13):1
(13, 7, 12, 6):3
(13, 19, 25, 24, 31, 32, 33, 27, 21, 20, 14):1
(14, 13, 12):1
(19, 20, 14, 13):1
(13, 14, 15, 8, 2, 1):1
(14, 20, 21, 15, 9, 10, 4):1
(7, 8, 14, 9, 13):1
(8, 14, 20, 21):2
(20, 26, 21):1
(6, 12, 13, 7):1
(13, 14, 20, 21, 27, 33):1
(33, 27, 21, 20, 14, 8, 7):1
(15, 14, 13):1
(8, 2, 7):1
(12, 6, 13, 7, 8):1
(4, 3, 9, 8, 14, 13):2
(13, 14, 8, 9, 10, 4, 5):1
(5, 4, 10, 9, 8, 14, 13):2
(14, 20, 19, 26):1
(26, 25, 19, 13):1
(18, 12, 19, 13):1
(8, 14, 20, 21, 27):2
(27, 21, 20, 14, 8):2
(18, 19, 13, 14, 8):3
(13, 14, 8, 9, 3, 4):1
(19, 13, 14):2
(14, 20, 19, 13, 12, 6):1
(26, 25, 20, 19, 14, 13):1
(35, 29, 28, 22, 21, 20, 14, 13):1
(13, 12, 18):1
(18, 12, 13, 19):1
(13, 8, 14, 7):1
(13, 14, 8, 9):1
(21, 27, 33):1
(33, 27, 21):1
(20, 26, 25):1
(26, 25, 20):1
(14, 15, 20, 21, 22, 16, 10, 4):1
(6, 7, 13):1
(14, 15, 8, 7, 13, 1):1
(5, 4, 9, 8):1
(8, 14, 15, 16, 22):1
(8, 13, 19, 18):1
(7, 8, 14, 13, 19, 18):1
(7, 1, 0, 6):1
(14, 13, 19):2
(14, 8, 15, 20, 21, 22, 16, 10):1
(14, 8, 7, 1, 2):1
(35, 29, 28, 22, 21, 20, 14):1
(5, 4, 10, 9, 8, 14):2
(14, 8, 7, 13, 19, 20):1
(14, 8, 15):4
(15, 14, 12):1
(3, 9, 8, 14):1
(4, 3, 9, 15):1
(15, 14, 21, 9, 10, 4):1
(4, 3, 9, 8, 15, 14, 7):1
(0, 1, 7, 8, 14):1
(12, 6, 7):1
(7, 6, 12):1
(3, 9, 15, 14):1
(14, 20, 19):1
(14, 20, 19, 18):1
(24, 25, 19, 20, 14):1
(8, 14, 20, 21, 22, 28, 29, 35, 7):1
(8, 14, 13, 19, 18):7
(8, 14, 20, 19, 13):2
(5, 4, 9, 8, 7):1
(8, 7, 13, 14, 19, 20):1
(14, 20, 21, 22, 16, 10, 4):1
(14, 7, 13):1
(13, 7, 8, 19, 20, 21, 27, 28, 34, 35):1
(23, 29, 28, 22, 21, 27, 15, 9, 8, 7):1
(11, 10, 9, 8, 7, 13):1
(7, 8, 9, 10, 11):1
(5, 4, 10, 9, 8):1
(14, 20, 21, 27, 26):1
(24, 18, 19, 13, 7):1
(7, 13, 14, 4, 15):1
